{"path0": {"endpoint1": [[0.03, 0.01, 0.19, 0.77]], "endpoint2": [[0.21, 0.19, 0.03, 0.57]], "validate_points": [[0.03, 0.01, 0.19, 0.77], [0.039473684210526314, 0.019473684210526317, 0.18157894736842106, 0.7594736842105263], [0.04894736842105263, 0.028947368421052635, 0.1731578947368421, 0.7489473684210526], [0.058421052631578936, 0.038421052631578946, 0.16473684210526315, 0.738421052631579], [0.06789473684210526, 0.04789473684210527, 0.1563157894736842, 0.7278947368421053], [0.07736842105263157, 0.057368421052631575, 0.14789473684210527, 0.7173684210526315], [0.0868421052631579, 0.0668421052631579, 0.13947368421052633, 0.7068421052631578], [0.09631578947368422, 0.07631578947368421, 0.13105263157894737, 0.6963157894736842], [0.10578947368421052, 0.08578947368421053, 0.12263157894736842, 0.6857894736842105], [0.11526315789473685, 0.09526315789473686, 0.11421052631578948, 0.6752631578947368], [0.12473684210526316, 0.10473684210526316, 0.10578947368421053, 0.6647368421052631], [0.1342105263157895, 0.11421052631578947, 0.09736842105263158, 0.6542105263157895], [0.14368421052631578, 0.12368421052631579, 0.08894736842105264, 0.6436842105263157], [0.1531578947368421, 0.1331578947368421, 0.0805263157894737, 0.6331578947368421], [0.16263157894736843, 0.14263157894736841, 0.07210526315789474, 0.6226315789473684], [0.17210526315789473, 0.15210526315789474, 0.06368421052631579, 0.6121052631578947], [0.18157894736842103, 0.16157894736842107, 0.05526315789473685, 0.601578947368421], [0.19105263157894736, 0.17105263157894732, 0.046842105263157914, 0.5910526315789474], [0.2005263157894737, 0.1805263157894737, 0.03842105263157896, 0.5805263157894736], [0.21, 0.19, 0.03, 0.57]]}, "path1": {"endpoint1": [[0.13, 0.01, 0.85, 0.010000000000000009]], "endpoint2": [[0.14, 0.58, 0.06, 0.21999999999999997]], "validate_points": [[0.13, 0.01, 0.85, 0.010000000000000009], [0.13052631578947368, 0.04, 0.8084210526315789, 0.021052631578947434], [0.13105263157894737, 0.06999999999999999, 0.766842105263158, 0.03210526315789464], [0.13157894736842102, 0.1, 0.7252631578947368, 0.04315789473684217], [0.13210526315789475, 0.12999999999999998, 0.6836842105263158, 0.05421052631578949], [0.13263157894736843, 0.15999999999999998, 0.6421052631578948, 0.06526315789473669], [0.13315789473684211, 0.19, 0.6005263157894737, 0.07631578947368423], [0.1336842105263158, 0.22, 0.5589473684210526, 0.08736842105263154], [0.1342105263157895, 0.24999999999999997, 0.5173684210526316, 0.09842105263157896], [0.13473684210526315, 0.28, 0.47578947368421065, 0.10947368421052617], [0.13526315789473686, 0.31, 0.43421052631578944, 0.1205263157894737], [0.13578947368421052, 0.34, 0.39263157894736844, 0.13157894736842102], [0.13631578947368422, 0.37, 0.3510526315789474, 0.14263157894736833], [0.1368421052631579, 0.3999999999999999, 0.3094736842105264, 0.15368421052631587], [0.13736842105263158, 0.43, 0.2678947368421053, 0.16473684210526318], [0.13789473684210526, 0.46, 0.22631578947368422, 0.1757894736842105], [0.13842105263157894, 0.48999999999999994, 0.18473684210526323, 0.18684210526315792], [0.13894736842105265, 0.52, 0.1431578947368422, 0.19789473684210512], [0.1394736842105263, 0.55, 0.1015789473684211, 0.20894736842105255], [0.14, 0.58, 0.06, 0.21999999999999997]]}, "path2": {"endpoint1": [[0.1, 0.01, 0.4, 0.49]], "endpoint2": [[0.02, 0.81, 0.11, 0.05999999999999994]], "validate_points": [[0.1, 0.01, 0.4, 0.49], [0.09578947368421054, 0.05210526315789474, 0.3847368421052632, 0.46736842105263154], [0.09157894736842107, 0.09421052631578947, 0.3694736842105263, 0.4447368421052632], [0.08736842105263158, 0.13631578947368422, 0.3542105263157895, 0.42210526315789476], [0.08315789473684211, 0.17842105263157895, 0.33894736842105266, 0.3994736842105262], [0.07894736842105264, 0.22052631578947368, 0.32368421052631585, 0.37684210526315787], [0.07473684210526316, 0.26263157894736844, 0.30842105263157893, 0.35421052631578953], [0.07052631578947369, 0.30473684210526314, 0.2931578947368421, 0.331578947368421], [0.06631578947368422, 0.3468421052631579, 0.2778947368421053, 0.30894736842105264], [0.06210526315789475, 0.3889473684210526, 0.26263157894736844, 0.2863157894736842], [0.05789473684210527, 0.43105263157894735, 0.24736842105263157, 0.26368421052631574], [0.053684210526315786, 0.4731578947368421, 0.23210526315789473, 0.2410526315789474], [0.04947368421052632, 0.5152631578947369, 0.21684210526315792, 0.21842105263157885], [0.04526315789473685, 0.5573684210526315, 0.2015789473684211, 0.1957894736842105], [0.041052631578947375, 0.5994736842105263, 0.1863157894736842, 0.17315789473684218], [0.03684210526315789, 0.6415789473684211, 0.17105263157894737, 0.15052631578947362], [0.03263157894736843, 0.6836842105263158, 0.15578947368421056, 0.12789473684210517], [0.028421052631578958, 0.7257894736842104, 0.14052631578947372, 0.10526315789473684], [0.024210526315789477, 0.7678947368421052, 0.12526315789473685, 0.0826315789473685], [0.02, 0.81, 0.11, 0.05999999999999994]]}, "path3": {"endpoint1": [[0.2, 0.01, 0.1, 0.69]], "endpoint2": [[0.22, 0.5700000000000001, 0.02, 0.18999999999999995]], "validate_points": [[0.2, 0.01, 0.1, 0.69], [0.2010526315789474, 0.03947368421052632, 0.09578947368421054, 0.6636842105263158], [0.20210526315789473, 0.06894736842105263, 0.09157894736842107, 0.6373684210526316], [0.2031578947368421, 0.09842105263157894, 0.08736842105263158, 0.6110526315789473], [0.20421052631578948, 0.12789473684210526, 0.08315789473684211, 0.5847368421052632], [0.20526315789473684, 0.15736842105263157, 0.07894736842105264, 0.5584210526315789], [0.20631578947368423, 0.18684210526315792, 0.07473684210526316, 0.5321052631578946], [0.2073684210526316, 0.2163157894736842, 0.07052631578947369, 0.5057894736842106], [0.20842105263157898, 0.24578947368421053, 0.06631578947368422, 0.4794736842105263], [0.2094736842105263, 0.2752631578947369, 0.06210526315789475, 0.4531578947368421], [0.2105263157894737, 0.30473684210526314, 0.05789473684210527, 0.4268421052631579], [0.21157894736842103, 0.33421052631578946, 0.053684210526315786, 0.40052631578947373], [0.21263157894736842, 0.36368421052631583, 0.04947368421052632, 0.37421052631578944], [0.21368421052631578, 0.39315789473684204, 0.04526315789473685, 0.34789473684210526], [0.21473684210526314, 0.4226315789473684, 0.041052631578947375, 0.3215789473684211], [0.21578947368421053, 0.45210526315789473, 0.03684210526315789, 0.2952631578947368], [0.21684210526315792, 0.48157894736842105, 0.03263157894736843, 0.2689473684210526], [0.21789473684210528, 0.5110526315789473, 0.028421052631578958, 0.24263157894736853], [0.21894736842105264, 0.5405263157894737, 0.024210526315789477, 0.21631578947368413], [0.22, 0.5700000000000001, 0.02, 0.18999999999999995]]}, "path4": {"endpoint1": [[0.03, 0.02, 0.49, 0.45999999999999996]], "endpoint2": [[0.09, 0.39, 0.01, 0.51]], "validate_points": [[0.03, 0.02, 0.49, 0.45999999999999996], [0.03315789473684211, 0.039473684210526314, 0.4647368421052632, 0.4626315789473684], [0.03631578947368421, 0.05894736842105263, 0.4394736842105264, 0.4652631578947367], [0.039473684210526314, 0.07842105263157895, 0.4142105263157895, 0.46789473684210525], [0.042631578947368416, 0.09789473684210526, 0.3889473684210526, 0.4705263157894737], [0.04578947368421053, 0.11736842105263158, 0.36368421052631583, 0.473157894736842], [0.048947368421052635, 0.1368421052631579, 0.33842105263157896, 0.47578947368421054], [0.05210526315789474, 0.1563157894736842, 0.3131578947368421, 0.47842105263157897], [0.05526315789473684, 0.17578947368421052, 0.28789473684210526, 0.4810526315789474], [0.05842105263157895, 0.19526315789473686, 0.26263157894736844, 0.4836842105263157], [0.061578947368421046, 0.21473684210526311, 0.23736842105263162, 0.48631578947368426], [0.06473684210526318, 0.23421052631578948, 0.21210526315789474, 0.4889473684210526], [0.06789473684210527, 0.2536842105263158, 0.18684210526315792, 0.491578947368421], [0.07105263157894737, 0.2731578947368421, 0.1615789473684211, 0.49421052631578943], [0.07421052631578948, 0.2926315789473684, 0.13631578947368422, 0.496842105263158], [0.07736842105263159, 0.3121052631578948, 0.11105263157894736, 0.4994736842105263], [0.08052631578947368, 0.33157894736842103, 0.08578947368421055, 0.5021052631578947], [0.08368421052631579, 0.35105263157894734, 0.060526315789473734, 0.5047368421052632], [0.0868421052631579, 0.3705263157894737, 0.03526315789473687, 0.5073684210526315], [0.09, 0.39, 0.01, 0.51]]}, "path5": {"endpoint1": [[0.13, 0.02, 0.27, 0.58]], "endpoint2": [[0.01, 0.62, 0.21, 0.16000000000000003]], "validate_points": [[0.13, 0.02, 0.27, 0.58], [0.12368421052631579, 0.05157894736842106, 0.26684210526315794, 0.5578947368421052], [0.11736842105263158, 0.08315789473684211, 0.2636842105263158, 0.5357894736842105], [0.11105263157894735, 0.11473684210526315, 0.26052631578947366, 0.5136842105263159], [0.10473684210526317, 0.1463157894736842, 0.2573684210526316, 0.4915789473684211], [0.09842105263157896, 0.17789473684210524, 0.2542105263157895, 0.46947368421052627], [0.09210526315789475, 0.2094736842105263, 0.25105263157894736, 0.44736842105263164], [0.08578947368421051, 0.24105263157894738, 0.24789473684210525, 0.4252631578947369], [0.07947368421052632, 0.27263157894736845, 0.24473684210526317, 0.40315789473684205], [0.07315789473684212, 0.3042105263157895, 0.24157894736842112, 0.3810526315789473], [0.0668421052631579, 0.33578947368421047, 0.23842105263157898, 0.3589473684210527], [0.060526315789473685, 0.3673684210526317, 0.23526315789473684, 0.33684210526315783], [0.05421052631578948, 0.3989473684210526, 0.23210526315789473, 0.3147368421052632], [0.047894736842105275, 0.4305263157894737, 0.22894736842105265, 0.29263157894736835], [0.041578947368421056, 0.46210526315789474, 0.22578947368421054, 0.2705263157894736], [0.035263157894736843, 0.4936842105263158, 0.22263157894736843, 0.248421052631579], [0.02894736842105264, 0.5252631578947369, 0.2194736842105263, 0.22631578947368425], [0.022631578947368433, 0.5568421052631578, 0.2163157894736842, 0.2042105263157895], [0.016315789473684218, 0.588421052631579, 0.21315789473684213, 0.18210526315789477], [0.01, 0.62, 0.21, 0.16000000000000003]]}, "path6": {"endpoint1": [[0.68, 0.01, 0.1, 0.20999999999999996]], "endpoint2": [[0.05, 0.37, 0.03, 0.55]], "validate_points": [[0.68, 0.01, 0.1, 0.20999999999999996], [0.6468421052631578, 0.028947368421052628, 0.09631578947368422, 0.22789473684210537], [0.6136842105263158, 0.04789473684210526, 0.09263157894736843, 0.24578947368421056], [0.5805263157894737, 0.0668421052631579, 0.08894736842105262, 0.26368421052631574], [0.5473684210526316, 0.08578947368421051, 0.08526315789473685, 0.28157894736842104], [0.5142105263157896, 0.10473684210526316, 0.08157894736842107, 0.2994736842105262], [0.4810526315789474, 0.12368421052631579, 0.07789473684210527, 0.3173684210526315], [0.4478947368421053, 0.14263157894736841, 0.07421052631578948, 0.3352631578947368], [0.41473684210526324, 0.16157894736842102, 0.07052631578947369, 0.3531578947368421], [0.38157894736842113, 0.1805263157894737, 0.0668421052631579, 0.3710526315789472], [0.3484210526315789, 0.1994736842105263, 0.06315789473684211, 0.3889473684210527], [0.3152631578947368, 0.218421052631579, 0.05947368421052632, 0.4068421052631579], [0.28210526315789475, 0.2373684210526316, 0.055789473684210535, 0.4247368421052632], [0.24894736842105267, 0.25631578947368416, 0.052105263157894745, 0.4426315789473684], [0.21578947368421056, 0.2752631578947368, 0.04842105263157895, 0.4605263157894737], [0.18263157894736842, 0.2942105263157895, 0.04473684210526315, 0.47842105263157897], [0.14947368421052634, 0.3131578947368421, 0.041052631578947375, 0.49631578947368427], [0.11631578947368429, 0.33210526315789474, 0.03736842105263159, 0.5142105263157893], [0.08315789473684214, 0.3510526315789474, 0.033684210526315796, 0.5321052631578946], [0.05, 0.37, 0.03, 0.55]]}, "path7": {"endpoint1": [[0.5700000000000001, 0.01, 0.22, 0.19999999999999996]], "endpoint2": [[0.7000000000000001, 0.07, 0.01, 0.21999999999999997]], "validate_points": [[0.5700000000000001, 0.01, 0.22, 0.19999999999999996], [0.5768421052631579, 0.013157894736842106, 0.2089473684210527, 0.20105263157894726], [0.5836842105263158, 0.01631578947368421, 0.1978947368421053, 0.2021052631578948], [0.5905263157894737, 0.019473684210526313, 0.18684210526315792, 0.2031578947368421], [0.5973684210526315, 0.02263157894736842, 0.17578947368421052, 0.2042105263157895], [0.6042105263157895, 0.02578947368421053, 0.16473684210526318, 0.2052631578947367], [0.6110526315789474, 0.028947368421052628, 0.15368421052631578, 0.20631578947368423], [0.6178947368421052, 0.032105263157894734, 0.14263157894736841, 0.20736842105263165], [0.6247368421052631, 0.035263157894736843, 0.13157894736842105, 0.20842105263157895], [0.6315789473684211, 0.038421052631578946, 0.1205263157894737, 0.20947368421052626], [0.6384210526315789, 0.041578947368421056, 0.10947368421052633, 0.21052631578947367], [0.6452631578947369, 0.04473684210526315, 0.09842105263157896, 0.21157894736842098], [0.6521052631578949, 0.04789473684210526, 0.0873684210526316, 0.21263157894736828], [0.6589473684210526, 0.05105263157894736, 0.07631578947368423, 0.2136842105263158], [0.6657894736842106, 0.05421052631578948, 0.06526315789473686, 0.21473684210526311], [0.6726315789473685, 0.057368421052631575, 0.05421052631578948, 0.21578947368421042], [0.6794736842105263, 0.060526315789473685, 0.04315789473684212, 0.21684210526315795], [0.6863157894736841, 0.06368421052631579, 0.03210526315789476, 0.21789473684210536], [0.6931578947368421, 0.06684210526315788, 0.021052631578947382, 0.21894736842105256], [0.7000000000000001, 0.07, 0.01, 0.21999999999999997]]}, "path8": {"endpoint1": [[0.51, 0.01, 0.08, 0.4]], "endpoint2": [[0.03, 0.62, 0.09, 0.26]], "validate_points": [[0.51, 0.01, 0.08, 0.4], [0.4847368421052632, 0.042105263157894736, 0.08052631578947368, 0.39263157894736844], [0.45947368421052637, 0.07421052631578948, 0.08105263157894736, 0.38526315789473675], [0.43421052631578944, 0.10631578947368421, 0.08157894736842104, 0.3778947368421053], [0.4089473684210526, 0.13842105263157894, 0.08210526315789475, 0.3705263157894737], [0.38368421052631585, 0.17052631578947366, 0.08263157894736843, 0.3631578947368421], [0.358421052631579, 0.20263157894736844, 0.08315789473684211, 0.35578947368421043], [0.33315789473684215, 0.23473684210526316, 0.08368421052631579, 0.34842105263157885], [0.3078947368421053, 0.2668421052631579, 0.08421052631578947, 0.3410526315789473], [0.28263157894736846, 0.29894736842105263, 0.08473684210526315, 0.3336842105263158], [0.2573684210526316, 0.3310526315789473, 0.08526315789473685, 0.3263157894736842], [0.23210526315789473, 0.3631578947368421, 0.08578947368421053, 0.31894736842105265], [0.2068421052631579, 0.39526315789473687, 0.08631578947368422, 0.31157894736842096], [0.1815789473684211, 0.42736842105263156, 0.0868421052631579, 0.3042105263157894], [0.1563157894736842, 0.4594736842105263, 0.08736842105263158, 0.2968421052631579], [0.13105263157894737, 0.49157894736842106, 0.08789473684210528, 0.2894736842105263], [0.10578947368421054, 0.5236842105263158, 0.08842105263157894, 0.28210526315789475], [0.08052631578947374, 0.5557894736842105, 0.08894736842105264, 0.27473684210526306], [0.05526315789473687, 0.5878947368421052, 0.0894736842105263, 0.2673684210526316], [0.03, 0.62, 0.09, 0.26]]}, "path9": {"endpoint1": [[0.11, 0.05, 0.47000000000000003, 0.37]], "endpoint2": [[0.05, 0.51, 0.05, 0.3899999999999999]], "validate_points": [[0.11, 0.05, 0.47000000000000003, 0.37], [0.10684210526315792, 0.07421052631578948, 0.4478947368421053, 0.3710526315789473], [0.10368421052631581, 0.09842105263157894, 0.42578947368421055, 0.3721052631578947], [0.10052631578947369, 0.12263157894736842, 0.40368421052631576, 0.37315789473684213], [0.09736842105263158, 0.14684210526315788, 0.38157894736842113, 0.37421052631578944], [0.0942105263157895, 0.17105263157894737, 0.3594736842105264, 0.37526315789473674], [0.09105263157894737, 0.19526315789473686, 0.3373684210526316, 0.37631578947368416], [0.08789473684210526, 0.2194736842105263, 0.3152631578947368, 0.3773684210526316], [0.08473684210526315, 0.24368421052631578, 0.2931578947368421, 0.378421052631579], [0.08157894736842107, 0.26789473684210524, 0.2710526315789474, 0.3794736842105263], [0.07842105263157896, 0.29210526315789476, 0.24894736842105264, 0.3805263157894736], [0.07526315789473685, 0.3163157894736842, 0.22684210526315787, 0.381578947368421], [0.07210526315789474, 0.34052631578947373, 0.2047368421052632, 0.3826315789473683], [0.06894736842105263, 0.36473684210526314, 0.18263157894736845, 0.38368421052631574], [0.06578947368421054, 0.3889473684210526, 0.1605263157894737, 0.38473684210526315], [0.06263157894736843, 0.4131578947368421, 0.13842105263157894, 0.38578947368421046], [0.05947368421052632, 0.4373684210526316, 0.11631578947368423, 0.3868421052631579], [0.056315789473684215, 0.46157894736842103, 0.09421052631578952, 0.3878947368421052], [0.053157894736842105, 0.4857894736842105, 0.07210526315789477, 0.3889473684210526], [0.05, 0.51, 0.05, 0.3899999999999999]]}, "path10": {"endpoint1": [[0.58, 0.01, 0.2, 0.20999999999999996]], "endpoint2": [[0.21, 0.26, 0.08, 0.45000000000000007]], "validate_points": [[0.58, 0.01, 0.2, 0.20999999999999996], [0.5605263157894738, 0.023157894736842106, 0.19368421052631582, 0.2226315789473683], [0.5410526315789473, 0.03631578947368421, 0.18736842105263157, 0.23526315789473684], [0.521578947368421, 0.04947368421052631, 0.18105263157894735, 0.24789473684210528], [0.5021052631578947, 0.06263157894736841, 0.17473684210526316, 0.2605263157894737], [0.4826315789473685, 0.07578947368421053, 0.16842105263157897, 0.27315789473684204], [0.46315789473684205, 0.08894736842105262, 0.16210526315789472, 0.2857894736842106], [0.44368421052631574, 0.10210526315789473, 0.15578947368421053, 0.2984210526315789], [0.4242105263157895, 0.11526315789473683, 0.14947368421052631, 0.31105263157894736], [0.40473684210526323, 0.12842105263157896, 0.14315789473684212, 0.3236842105263157], [0.38526315789473686, 0.14157894736842105, 0.1368421052631579, 0.33631578947368423], [0.36578947368421055, 0.15473684210526317, 0.13052631578947368, 0.34894736842105256], [0.34631578947368424, 0.16789473684210524, 0.1242105263157895, 0.361578947368421], [0.32684210526315793, 0.18105263157894733, 0.11789473684210527, 0.37421052631578944], [0.30736842105263157, 0.19421052631578944, 0.11157894736842107, 0.3868421052631579], [0.28789473684210526, 0.2073684210526316, 0.10526315789473685, 0.3994736842105263], [0.268421052631579, 0.22052631578947368, 0.09894736842105264, 0.41210526315789464], [0.24894736842105267, 0.23368421052631574, 0.09263157894736843, 0.4247368421052632], [0.22947368421052639, 0.24684210526315792, 0.08631578947368422, 0.4373684210526315], [0.21, 0.26, 0.08, 0.45000000000000007]]}, "path11": {"endpoint1": [[0.1, 0.05, 0.5, 0.35]], "endpoint2": [[0.01, 0.19, 0.05, 0.75]], "validate_points": [[0.1, 0.05, 0.5, 0.35], [0.09526315789473686, 0.05736842105263158, 0.47631578947368425, 0.3710526315789473], [0.09052631578947368, 0.06473684210526316, 0.45263157894736844, 0.39210526315789473], [0.08578947368421051, 0.07210526315789474, 0.42894736842105263, 0.41315789473684217], [0.08105263157894738, 0.07947368421052632, 0.4052631578947369, 0.4342105263157894], [0.07631578947368423, 0.0868421052631579, 0.38157894736842113, 0.4552631578947368], [0.07157894736842106, 0.09421052631578947, 0.35789473684210527, 0.47631578947368425], [0.0668421052631579, 0.10157894736842106, 0.33421052631578946, 0.49736842105263157], [0.06210526315789475, 0.10894736842105264, 0.3105263157894737, 0.5184210526315789], [0.05736842105263158, 0.11631578947368422, 0.28684210526315795, 0.5394736842105262], [0.052631578947368425, 0.12368421052631579, 0.26315789473684215, 0.5605263157894737], [0.04789473684210526, 0.13105263157894737, 0.2394736842105263, 0.5815789473684211], [0.04315789473684211, 0.13842105263157897, 0.21578947368421056, 0.6026315789473684], [0.03842105263157896, 0.14578947368421052, 0.1921052631578948, 0.6236842105263157], [0.033684210526315796, 0.1531578947368421, 0.16842105263157897, 0.6447368421052632], [0.028947368421052628, 0.1605263157894737, 0.14473684210526316, 0.6657894736842105], [0.024210526315789477, 0.1678947368421053, 0.1210526315789474, 0.6868421052631578], [0.019473684210526327, 0.17526315789473682, 0.09736842105263163, 0.7078947368421052], [0.014736842105263165, 0.18263157894736842, 0.07368421052631581, 0.7289473684210526], [0.01, 0.19, 0.05, 0.75]]}, "path12": {"endpoint1": [[0.15, 0.01, 0.16, 0.6799999999999999]], "endpoint2": [[0.34, 0.14, 0.01, 0.51]], "validate_points": [[0.15, 0.01, 0.16, 0.6799999999999999], [0.16, 0.016842105263157894, 0.15210526315789474, 0.6710526315789473], [0.17, 0.023684210526315787, 0.14421052631578948, 0.6621052631578948], [0.18, 0.030526315789473683, 0.1363157894736842, 0.6531578947368422], [0.19, 0.03736842105263158, 0.12842105263157896, 0.6442105263157895], [0.2, 0.04421052631578947, 0.1205263157894737, 0.6352631578947368], [0.21, 0.05105263157894736, 0.11263157894736843, 0.6263157894736842], [0.22, 0.05789473684210527, 0.10473684210526316, 0.6173684210526316], [0.23, 0.06473684210526315, 0.0968421052631579, 0.608421052631579], [0.24, 0.07157894736842105, 0.08894736842105264, 0.5994736842105263], [0.25, 0.07842105263157895, 0.08105263157894738, 0.5905263157894737], [0.26, 0.08526315789473683, 0.0731578947368421, 0.5815789473684211], [0.27, 0.09210526315789473, 0.06526315789473686, 0.5726315789473684], [0.28, 0.09894736842105262, 0.057368421052631596, 0.5636842105263158], [0.29, 0.10578947368421053, 0.04947368421052632, 0.5547368421052632], [0.3, 0.11263157894736843, 0.041578947368421056, 0.5457894736842106], [0.31, 0.1194736842105263, 0.033684210526315796, 0.5368421052631579], [0.32, 0.1263157894736842, 0.02578947368421054, 0.5278947368421052], [0.33, 0.1331578947368421, 0.01789473684210527, 0.5189473684210526], [0.34, 0.14, 0.01, 0.51]]}, "path13": {"endpoint1": [[0.02, 0.02, 0.76, 0.19999999999999996]], "endpoint2": [[0.01, 0.52, 0.34, 0.1299999999999999]], "validate_points": [[0.02, 0.02, 0.76, 0.19999999999999996], [0.019473684210526317, 0.04631578947368421, 0.7378947368421053, 0.19631578947368422], [0.018947368421052633, 0.07263157894736842, 0.7157894736842105, 0.19263157894736838], [0.018421052631578946, 0.09894736842105262, 0.6936842105263158, 0.18894736842105264], [0.017894736842105265, 0.12526315789473683, 0.6715789473684212, 0.1852631578947368], [0.01736842105263158, 0.15157894736842106, 0.6494736842105264, 0.18157894736842095], [0.016842105263157894, 0.17789473684210524, 0.6273684210526316, 0.17789473684210533], [0.01631578947368421, 0.20421052631578945, 0.6052631578947368, 0.17421052631578948], [0.015789473684210527, 0.23052631578947366, 0.5831578947368421, 0.17052631578947375], [0.015263157894736843, 0.2568421052631579, 0.5610526315789474, 0.1668421052631579], [0.01473684210526316, 0.2831578947368421, 0.5389473684210526, 0.16315789473684217], [0.014210526315789474, 0.30947368421052635, 0.516842105263158, 0.1594736842105262], [0.01368421052631579, 0.33578947368421047, 0.49473684210526314, 0.1557894736842106], [0.013157894736842106, 0.36210526315789465, 0.4726315789473685, 0.15210526315789474], [0.01263157894736842, 0.3884210526315789, 0.4505263157894737, 0.148421052631579], [0.012105263157894737, 0.4147368421052632, 0.4284210526315789, 0.14473684210526316], [0.011578947368421053, 0.44105263157894736, 0.40631578947368424, 0.14105263157894732], [0.01105263157894737, 0.4673684210526315, 0.38421052631578956, 0.13736842105263158], [0.010526315789473686, 0.49368421052631584, 0.3621052631578948, 0.13368421052631563], [0.01, 0.52, 0.34, 0.1299999999999999]]}, "path14": {"endpoint1": [[0.09, 0.05, 0.5, 0.36]], "endpoint2": [[0.06, 0.61, 0.27, 0.06000000000000005]], "validate_points": [[0.09, 0.05, 0.5, 0.36], [0.08842105263157896, 0.07947368421052632, 0.48789473684210527, 0.3442105263157895], [0.0868421052631579, 0.10894736842105264, 0.47578947368421054, 0.32842105263157895], [0.08526315789473683, 0.13842105263157894, 0.46368421052631575, 0.3126315789473685], [0.08368421052631579, 0.1678947368421053, 0.451578947368421, 0.2968421052631579], [0.08210526315789475, 0.19736842105263158, 0.4394736842105263, 0.28105263157894744], [0.08052631578947368, 0.22684210526315793, 0.42736842105263156, 0.26526315789473687], [0.07894736842105263, 0.2563157894736842, 0.41526315789473683, 0.2494736842105263], [0.07736842105263159, 0.28578947368421054, 0.40315789473684216, 0.23368421052631572], [0.07578947368421053, 0.3152631578947368, 0.39105263157894743, 0.21789473684210525], [0.07421052631578948, 0.3447368421052632, 0.3789473684210526, 0.2021052631578948], [0.07263157894736842, 0.37421052631578955, 0.36684210526315786, 0.1863157894736842], [0.07105263157894737, 0.4036842105263158, 0.3547368421052632, 0.17052631578947364], [0.06947368421052633, 0.4331578947368421, 0.3426315789473685, 0.15473684210526306], [0.06789473684210526, 0.46263157894736845, 0.3305263157894737, 0.1389473684210525], [0.0663157894736842, 0.4921052631578947, 0.318421052631579, 0.12315789473684213], [0.06473684210526316, 0.521578947368421, 0.30631578947368426, 0.10736842105263156], [0.06315789473684212, 0.5510526315789473, 0.29421052631578953, 0.09157894736842098], [0.06157894736842105, 0.5805263157894737, 0.28210526315789475, 0.07578947368421052], [0.06, 0.61, 0.27, 0.06000000000000005]]}, "path15": {"endpoint1": [[0.01, 0.03, 0.44, 0.52]], "endpoint2": [[0.02, 0.34, 0.06, 0.58]], "validate_points": [[0.01, 0.03, 0.44, 0.52], [0.010526315789473686, 0.04631578947368421, 0.4200000000000001, 0.523157894736842], [0.011052631578947368, 0.06263157894736841, 0.4, 0.5263157894736842], [0.011578947368421053, 0.07894736842105263, 0.38, 0.5294736842105263], [0.012105263157894737, 0.09526315789473683, 0.36, 0.5326315789473685], [0.01263157894736842, 0.11157894736842107, 0.3400000000000001, 0.5357894736842104], [0.013157894736842106, 0.12789473684210526, 0.32, 0.5389473684210526], [0.013684210526315788, 0.14421052631578948, 0.3, 0.5421052631578948], [0.014210526315789474, 0.16052631578947366, 0.28, 0.5452631578947369], [0.01473684210526316, 0.17684210526315788, 0.26000000000000006, 0.5484210526315789], [0.015263157894736841, 0.19315789473684214, 0.24000000000000005, 0.551578947368421], [0.015789473684210527, 0.20947368421052634, 0.22, 0.5547368421052632], [0.01631578947368421, 0.2257894736842105, 0.20000000000000004, 0.5578947368421052], [0.016842105263157894, 0.24210526315789474, 0.18000000000000005, 0.5610526315789472], [0.01736842105263158, 0.25842105263157894, 0.16, 0.5642105263157895], [0.017894736842105265, 0.27473684210526317, 0.14, 0.5673684210526315], [0.018421052631578946, 0.29105263157894734, 0.12000000000000002, 0.5705263157894737], [0.01894736842105263, 0.30736842105263157, 0.10000000000000003, 0.5736842105263158], [0.019473684210526313, 0.32368421052631574, 0.08000000000000002, 0.5768421052631579], [0.02, 0.34, 0.06, 0.58]]}, "path16": {"endpoint1": [[0.01, 0.02, 0.53, 0.43999999999999995]], "endpoint2": [[0.09, 0.7000000000000001, 0.03, 0.17999999999999994]], "validate_points": [[0.01, 0.02, 0.53, 0.43999999999999995], [0.014210526315789474, 0.055789473684210535, 0.5036842105263158, 0.4263157894736842], [0.018421052631578946, 0.09157894736842105, 0.4773684210526316, 0.41263157894736835], [0.02263157894736842, 0.12736842105263158, 0.4510526315789473, 0.3989473684210527], [0.026842105263157893, 0.16315789473684209, 0.42473684210526313, 0.38526315789473686], [0.031052631578947366, 0.1989473684210526, 0.398421052631579, 0.371578947368421], [0.035263157894736843, 0.23473684210526316, 0.3721052631578947, 0.35789473684210527], [0.039473684210526314, 0.27052631578947367, 0.34578947368421054, 0.3442105263157895], [0.04368421052631579, 0.3063157894736842, 0.31947368421052635, 0.33052631578947367], [0.04789473684210526, 0.34210526315789475, 0.2931578947368422, 0.3168421052631578], [0.05210526315789474, 0.3778947368421052, 0.26684210526315794, 0.30315789473684207], [0.056315789473684215, 0.4136842105263158, 0.24052631578947367, 0.2894736842105263], [0.060526315789473685, 0.4494736842105263, 0.2142105263157895, 0.2757894736842105], [0.06473684210526315, 0.48526315789473684, 0.18789473684210534, 0.2621052631578946], [0.06894736842105263, 0.5210526315789473, 0.16157894736842107, 0.248421052631579], [0.0731578947368421, 0.5568421052631579, 0.13526315789473684, 0.23473684210526313], [0.07736842105263157, 0.5926315789473684, 0.10894736842105268, 0.2210526315789474], [0.08157894736842104, 0.6284210526315789, 0.08263157894736849, 0.20736842105263154], [0.08578947368421051, 0.6642105263157895, 0.05631578947368424, 0.1936842105263158], [0.09, 0.7000000000000001, 0.03, 0.17999999999999994]]}, "path17": {"endpoint1": [[0.14, 0.01, 0.12, 0.73]], "endpoint2": [[0.1, 0.21, 0.08, 0.61]], "validate_points": [[0.14, 0.01, 0.12, 0.73], [0.13789473684210526, 0.02052631578947368, 0.11789473684210526, 0.7236842105263158], [0.13578947368421054, 0.031052631578947366, 0.11578947368421051, 0.7173684210526317], [0.1336842105263158, 0.04157894736842104, 0.11368421052631579, 0.7110526315789474], [0.13157894736842105, 0.05210526315789474, 0.11157894736842104, 0.7047368421052631], [0.12947368421052635, 0.06263157894736843, 0.10947368421052632, 0.6984210526315788], [0.12736842105263158, 0.0731578947368421, 0.10736842105263157, 0.6921052631578948], [0.12526315789473683, 0.08368421052631579, 0.10526315789473684, 0.6857894736842105], [0.12315789473684209, 0.09421052631578947, 0.10315789473684212, 0.6794736842105263], [0.12105263157894738, 0.10473684210526317, 0.10105263157894738, 0.6731578947368421], [0.11894736842105263, 0.11526315789473683, 0.09894736842105264, 0.6668421052631579], [0.1168421052631579, 0.12578947368421053, 0.0968421052631579, 0.6605263157894736], [0.11473684210526316, 0.1363157894736842, 0.09473684210526315, 0.6542105263157895], [0.11263157894736843, 0.14684210526315788, 0.09263157894736843, 0.6478947368421053], [0.1105263157894737, 0.15736842105263157, 0.09052631578947368, 0.641578947368421], [0.10842105263157896, 0.16789473684210524, 0.08842105263157894, 0.6352631578947369], [0.10631578947368421, 0.17842105263157895, 0.08631578947368422, 0.6289473684210526], [0.10421052631578948, 0.1889473684210526, 0.08421052631578949, 0.6226315789473684], [0.10210526315789474, 0.19947368421052633, 0.08210526315789475, 0.6163157894736842], [0.1, 0.21, 0.08, 0.61]]}, "path18": {"endpoint1": [[0.09, 0.02, 0.67, 0.21999999999999997]], "endpoint2": [[0.09, 0.87, 0.03, 0.010000000000000009]], "validate_points": [[0.09, 0.02, 0.67, 0.21999999999999997], [0.09, 0.06473684210526315, 0.6363157894736843, 0.20894736842105255], [0.09, 0.1094736842105263, 0.6026315789473684, 0.19789473684210535], [0.09, 0.15421052631578946, 0.5689473684210526, 0.18684210526315792], [0.09, 0.1989473684210526, 0.5352631578947369, 0.1757894736842105], [0.09, 0.24368421052631575, 0.5015789473684211, 0.16473684210526307], [0.09, 0.28842105263157897, 0.4678947368421053, 0.15368421052631565], [0.09, 0.33315789473684215, 0.43421052631578944, 0.14263157894736844], [0.09, 0.3778947368421052, 0.40052631578947373, 0.13157894736842102], [0.09, 0.4226315789473684, 0.36684210526315797, 0.12052631578947359], [0.09, 0.4673684210526315, 0.33315789473684215, 0.10947368421052639], [0.09, 0.5121052631578948, 0.2994736842105263, 0.09842105263157896], [0.09, 0.5568421052631579, 0.2657894736842106, 0.08736842105263154], [0.09, 0.601578947368421, 0.23210526315789481, 0.07631578947368423], [0.09, 0.6463157894736843, 0.19842105263157897, 0.0652631578947368], [0.09, 0.6910526315789474, 0.16473684210526315, 0.05421052631578949], [0.09, 0.7357894736842104, 0.1310526315789474, 0.04315789473684217], [0.09, 0.7805263157894737, 0.09736842105263165, 0.03210526315789464], [0.09, 0.8252631578947369, 0.06368421052631583, 0.021052631578947323], [0.09, 0.87, 0.03, 0.010000000000000009]]}, "path19": {"endpoint1": [[0.4, 0.02, 0.54, 0.039999999999999925]], "endpoint2": [[0.3, 0.43, 0.26, 0.010000000000000009]], "validate_points": [[0.4, 0.02, 0.54, 0.039999999999999925], [0.3947368421052632, 0.041578947368421056, 0.5252631578947369, 0.03842105263157891], [0.3894736842105263, 0.06315789473684211, 0.5105263157894737, 0.0368421052631579], [0.38421052631578945, 0.08473684210526315, 0.49578947368421056, 0.035263157894736885], [0.3789473684210527, 0.10631578947368421, 0.4810526315789474, 0.03368421052631576], [0.37368421052631584, 0.12789473684210528, 0.46631578947368424, 0.03210526315789464], [0.3684210526315789, 0.14947368421052631, 0.451578947368421, 0.030526315789473735], [0.3631578947368421, 0.17105263157894737, 0.4368421052631578, 0.02894736842105272], [0.35789473684210527, 0.19263157894736843, 0.42210526315789476, 0.027368421052631486], [0.3526315789473684, 0.2142105263157895, 0.40736842105263166, 0.025789473684210362], [0.3473684210526316, 0.23578947368421052, 0.39263157894736844, 0.02421052631578946], [0.34210526315789475, 0.2573684210526316, 0.3778947368421053, 0.022631578947368336], [0.3368421052631579, 0.2789473684210526, 0.36315789473684207, 0.021052631578947434], [0.3315789473684211, 0.3005263157894737, 0.34842105263157896, 0.01947368421052631], [0.3263157894736843, 0.32210526315789473, 0.33368421052631575, 0.017894736842105186], [0.3210526315789474, 0.34368421052631576, 0.31894736842105265, 0.016315789473684172], [0.31578947368421056, 0.36526315789473685, 0.30421052631578943, 0.01473684210526316], [0.3105263157894737, 0.3868421052631578, 0.2894736842105263, 0.013157894736842146], [0.30526315789473685, 0.40842105263157896, 0.27473684210526317, 0.011578947368421022], [0.3, 0.43, 0.26, 0.010000000000000009]]}, "path20": {"endpoint1": [[0.79, 0.04, 0.16, 0.009999999999999898]], "endpoint2": [[0.47000000000000003, 0.12, 0.01, 0.3999999999999999]], "validate_points": [[0.79, 0.04, 0.16, 0.009999999999999898], [0.7731578947368423, 0.04421052631578948, 0.15210526315789474, 0.030526315789473513], [0.7563157894736843, 0.04842105263157895, 0.14421052631578948, 0.05105263157894735], [0.7394736842105263, 0.05263157894736842, 0.1363157894736842, 0.07157894736842119], [0.7226315789473685, 0.056842105263157895, 0.12842105263157896, 0.09210526315789458], [0.7057894736842105, 0.06105263157894737, 0.1205263157894737, 0.11263157894736842], [0.6889473684210526, 0.06526315789473684, 0.11263157894736843, 0.13315789473684214], [0.6721052631578947, 0.06947368421052631, 0.10473684210526316, 0.15368421052631587], [0.6552631578947369, 0.07368421052631578, 0.0968421052631579, 0.17421052631578937], [0.6384210526315791, 0.07789473684210527, 0.08894736842105264, 0.19473684210526299], [0.6215789473684211, 0.08210526315789475, 0.08105263157894738, 0.2152631578947367], [0.6047368421052631, 0.08631578947368422, 0.0731578947368421, 0.23578947368421055], [0.5878947368421052, 0.09052631578947368, 0.06526315789473686, 0.2563157894736843], [0.5710526315789474, 0.09473684210526315, 0.057368421052631596, 0.2768421052631579], [0.5542105263157895, 0.09894736842105262, 0.04947368421052632, 0.2973684210526315], [0.5373684210526316, 0.10315789473684209, 0.041578947368421056, 0.31789473684210523], [0.5205263157894737, 0.10736842105263157, 0.033684210526315796, 0.33842105263157896], [0.5036842105263158, 0.11157894736842107, 0.02578947368421054, 0.35894736842105246], [0.48684210526315796, 0.11578947368421054, 0.01789473684210527, 0.3794736842105262], [0.47000000000000003, 0.12, 0.01, 0.3999999999999999]]}, "path21": {"endpoint1": [[0.09, 0.02, 0.28, 0.61]], "endpoint2": [[0.41000000000000003, 0.03, 0.03, 0.5299999999999999]], "validate_points": [[0.09, 0.02, 0.28, 0.61], [0.10684210526315792, 0.020526315789473688, 0.26684210526315794, 0.6057894736842104], [0.12368421052631579, 0.021052631578947368, 0.2536842105263158, 0.601578947368421], [0.14052631578947367, 0.021578947368421055, 0.24052631578947367, 0.5973684210526315], [0.15736842105263157, 0.022105263157894735, 0.22736842105263158, 0.5931578947368421], [0.17421052631578945, 0.022631578947368426, 0.21421052631578952, 0.5889473684210527], [0.19105263157894736, 0.023157894736842106, 0.20105263157894737, 0.5847368421052632], [0.20789473684210527, 0.023684210526315787, 0.18789473684210525, 0.5805263157894737], [0.22473684210526315, 0.024210526315789474, 0.17473684210526316, 0.5763157894736842], [0.24157894736842103, 0.02473684210526316, 0.1615789473684211, 0.5721052631578947], [0.25842105263157894, 0.02526315789473684, 0.14842105263157895, 0.5678947368421052], [0.2752631578947369, 0.02578947368421053, 0.13526315789473684, 0.5636842105263158], [0.29210526315789476, 0.026315789473684213, 0.12210526315789476, 0.5594736842105262], [0.3089473684210526, 0.026842105263157893, 0.10894736842105265, 0.5552631578947369], [0.3257894736842106, 0.027368421052631577, 0.09578947368421055, 0.5510526315789472], [0.34263157894736845, 0.02789473684210526, 0.08263157894736843, 0.5468421052631578], [0.35947368421052633, 0.028421052631578948, 0.06947368421052633, 0.5426315789473684], [0.37631578947368416, 0.028947368421052635, 0.05631578947368424, 0.5384210526315789], [0.39315789473684204, 0.02947368421052632, 0.043157894736842124, 0.5342105263157895], [0.41000000000000003, 0.03, 0.03, 0.5299999999999999]]}, "path22": {"endpoint1": [[0.1, 0.01, 0.58, 0.31000000000000005]], "endpoint2": [[0.17, 0.04, 0.02, 0.77]], "validate_points": [[0.1, 0.01, 0.58, 0.31000000000000005], [0.10368421052631581, 0.011578947368421053, 0.5505263157894738, 0.3342105263157894], [0.10736842105263157, 0.013157894736842106, 0.5210526315789473, 0.358421052631579], [0.11105263157894736, 0.014736842105263158, 0.49157894736842106, 0.38263157894736843], [0.11473684210526315, 0.01631578947368421, 0.46210526315789474, 0.4068421052631579], [0.11842105263157895, 0.017894736842105265, 0.4326315789473685, 0.43105263157894735], [0.12210526315789473, 0.019473684210526313, 0.40315789473684205, 0.4552631578947369], [0.1257894736842105, 0.021052631578947368, 0.3736842105263158, 0.4794736842105263], [0.1294736842105263, 0.02263157894736842, 0.3442105263157895, 0.5036842105263157], [0.13315789473684211, 0.024210526315789474, 0.3147368421052632, 0.5278947368421052], [0.1368421052631579, 0.02578947368421053, 0.2852631578947369, 0.5521052631578947], [0.1405263157894737, 0.02736842105263158, 0.2557894736842105, 0.5763157894736842], [0.14421052631578948, 0.028947368421052628, 0.22631578947368425, 0.6005263157894736], [0.14789473684210527, 0.030526315789473683, 0.19684210526315796, 0.624736842105263], [0.15157894736842104, 0.032105263157894734, 0.1673684210526316, 0.6489473684210526], [0.15526315789473683, 0.03368421052631579, 0.13789473684210526, 0.6731578947368422], [0.15894736842105261, 0.035263157894736843, 0.10842105263157897, 0.6973684210526316], [0.16263157894736843, 0.03684210526315789, 0.0789473684210527, 0.721578947368421], [0.16631578947368422, 0.038421052631578946, 0.04947368421052634, 0.7457894736842106], [0.17, 0.04, 0.02, 0.77]]}, "path23": {"endpoint1": [[0.01, 0.01, 0.6, 0.38]], "endpoint2": [[0.12, 0.44, 0.11, 0.32999999999999996]], "validate_points": [[0.01, 0.01, 0.6, 0.38], [0.015789473684210527, 0.03263157894736843, 0.5742105263157895, 0.3773684210526316], [0.021578947368421055, 0.05526315789473684, 0.5484210526315789, 0.37473684210526315], [0.027368421052631577, 0.07789473684210525, 0.5226315789473684, 0.3721052631578947], [0.03315789473684211, 0.10052631578947369, 0.496842105263158, 0.3694736842105262], [0.03894736842105263, 0.12315789473684209, 0.4710526315789474, 0.36684210526315786], [0.04473684210526316, 0.14578947368421052, 0.44526315789473686, 0.36421052631578943], [0.05052631578947368, 0.16842105263157894, 0.41947368421052633, 0.361578947368421], [0.056315789473684215, 0.19105263157894736, 0.39368421052631575, 0.3589473684210527], [0.06210526315789473, 0.21368421052631578, 0.36789473684210533, 0.35631578947368414], [0.06789473684210527, 0.23631578